1111111111111000000000000
1111111111111000000000000
1111111111111000000000000
1111111111111000000000000
1111111111111000000000000
1111111111111000000000000
1111111111111000000000000
1111111111100110000000000
1111111111000111000000000
1111111110000111100000000
1111111100000111110000000
1111111100000111110000000
1111111100000111110000000
1111111100000111110000000
1111111100000111110000000
1111111110000111100000000
1111111111000111000000000
1111111111100110000000000
1111111111111000000000000
1111111111111000000000000
1111111111111000000000000
1111111111111000000000000
1111111111111000000000000
1111111111111000000000000
1111111111111000000000000

0000000000001111111111111
0000000000001111111111111
0000000000010001111111111
0000000011110000011111111
0000000111110000001111111
0000001111110000000111111
0000001111110000000111111
0000001111110000000111111
0000011111110000000011111
0000011111110000000011111
0000011110010010000011111
0000010100010111011011111
0000000000010111111111111
0000000000010111111111111
0000000000010111111111111
0000000000010111111111111
0000000000010111111111111
0000000000010111111111111
0000000000010111111111111
0000000000010111111111111
0000000000010111111111111
0000000001110111111111111
0000000000110111111111111
0000000000001111111111111
0000000000001111111111111

0000000000011100000000000
0000000000111110000000000
0000000011111111100000000
0000000100011111110000000
0000001000000111111000000
0000010000000111111100000
0000100011000111111110000
0000100111100111111110000
0000100111100111111110000
0001000011000111111110000
0001000000000111111111000
0001000000001111111111000
0001000000001111111111000
0001000000001111111111000
0001000000011111111111000
0001000000011110011110000
0000100000011100001110000
0000100000011100001110000
0000100000011110011110000
0000010000011111111100000
0000001000001111111000000
0000000100000111110000000
0000000010000001100000000
0000000001111110000000000
0000000000011100000000000

1111111111111111111111111
1111111111000001111111111
1111111000000000001111111
1111110000001000000111111
1111100011111111100011111
1111000111111111110001111
1110001110000111111000111
1110011111100111111100111
1100011111110111111100011
1100111111100011111110011
1100111111100011111110011
1100111111000001111110011
1100111111001001111110011
1100111110011001111110011
1100011100011100101100011
1100011000111100001100011
1110010001111110011100111
1110011111111111111000111
1110001111111111111000111
1111000011111111100001111
1111100001111111000011111
1111110000000000000111111
1111111100000000011111111
1111111111111111111111111
1111111111111111111111111