1111111111111111111111111
1111111111000001111111111
1111111000000000001111111
1111110000001000000111111
1111100011111111100011111
1111000111111111110001111
1101010101010010101010101
1111111111111000000000000
1111111111100110000000000
0101010101010110010101001
1111111110000111100000000
1111111100000111110000000
1111111100000111110000000
1111111100000111110000000
0000000000010111111111111
0000000000010111111111111
1111111100000111110000000
0000000000010111111111111
0000100000011100001110000
0000100000011110011110000
0000010000011111111100000
0000001000001111111000000
0000000100000111110000000
0000000010000001100000000
0000000001111110000000000
