0000000000011100000000000
0000000000111110000000000
0000000011111111100000000
0000000100011111110000000
0000001000000111111000000
0000010000000111111100000
0000100011000111111110000
0000100111100111111110000
0000100111100111111110000
0001000011000111111110000
0001000000000111111111000
0001000000001111111111000
0001000000001111111111000
0001000000011100101100011
1100011100011100101100011
1100011000111100001100011
1110010001111110011100111
1110011111111111111000111
1110001111111111111000111
1111000011111111100001111
1111100001111111000011111
1111110000000000000111111
1111111100000000011111111
1111111111111111111111111
1111111111111111111111111